function result=PDMS_k(x)
x=10^6*x;
data=[0.2 1.32E-06
0.3 1.33E-06
0.4	1.33E-06
0.41	1.32E-06
0.42	1.32E-06
0.43	1.33E-06
0.44	1.34E-06
0.45	1.34E-06
0.46	1.35E-06
0.47	1.36E-06
0.48	1.37E-06
0.49	1.39E-06
0.5	1.38E-06
0.51	1.40E-06
0.52	1.39E-06
0.53	1.39E-06
0.54	1.40E-06
0.55	1.42E-06
0.56	1.41E-06
0.57	1.43E-06
0.58	1.44E-06
0.59	1.43E-06
0.6	1.45E-06
0.61	1.44E-06
0.62	1.46E-06
0.63	1.45E-06
0.64	1.46E-06
0.65	1.46E-06
0.66	1.44E-06
0.67	1.45E-06
0.68	1.46E-06
0.69	1.44E-06
0.7	1.47E-06
0.71	1.47E-06
0.72	1.48E-06
0.73	1.49E-06
0.74	1.54E-06
0.75	1.49E-06
0.76	1.51E-06
0.77	1.51E-06
0.78	1.50E-06
0.79	1.47E-06
0.8	1.49E-06
0.81	1.51E-06
0.82	1.42E-06
0.83	1.46E-06
0.84	1.43E-06
0.85	1.57E-06
0.86	1.52E-06
0.87	1.99E-06
0.88	2.30E-06
0.89	2.02E-06
0.9	2.11E-06
0.91	2.18E-06
0.92	2.43E-06
0.93	2.00E-06
0.94	2.01E-06
0.95	2.08E-06
0.96	2.34E-06
0.97	2.38E-06
0.98	2.34E-06
0.99	2.23E-06
1	2.52E-06
1.01	2.18E-06
1.02	2.38E-06
1.03	2.62E-06
1.04	2.50E-06
1.05	2.42E-06
1.06	2.46E-06
1.07	2.55E-06
1.08	2.60E-06
1.09	2.85E-06
1.1	2.78E-06
1.11	2.43E-06
1.12	2.64E-06
1.13	2.95E-06
1.14	3.61E-06
1.15	5.32E-06
1.16	5.32E-06
1.17	5.92E-06
1.18	1.24E-05
1.19	1.69E-05
1.2	5.15E-06
1.21	4.10E-06
1.22	3.91E-06
1.23	3.06E-06
1.24	3.00E-06
1.25	3.08E-06
1.26	3.08E-06
1.27	3.24E-06
1.28	3.28E-06
1.29	3.21E-06
1.3	3.29E-06
1.31	3.24E-06
1.32	3.22E-06
1.33	3.35E-06
1.34	3.71E-06
1.35	4.35E-06
1.36	5.93E-06
1.37	1.07E-05
1.38	1.09E-05
1.39	1.29E-05
1.4	1.63E-05
1.41	1.42E-05
1.42	8.78E-06
1.43	7.67E-06
1.44	6.59E-06
1.45	5.50E-06
1.46	5.53E-06
1.47	5.53E-06
1.48	4.41E-06
1.49	5.83E-06
1.5	6.37E-06
1.51	7.65E-06
1.52	8.75E-06
1.53	8.83E-06
1.54	8.90E-06
1.55	8.75E-06
1.56	8.07E-06
1.57	6.52E-06
1.58	5.69E-06
1.59	5.39E-06
1.6	5.41E-06
1.61	5.60E-06
1.62	6.08E-06
1.63	6.84E-06
1.64	8.73E-06
1.65	1.18E-05
1.66	1.18E-05
1.67	1.24E-05
1.68	2.09E-05
1.69	8.52E-05
1.7	6.91E-05
1.71	3.74E-05
1.72	2.51E-05
1.73	4.59E-05
1.74	8.24E-05
1.75	8.68E-05
1.76	4.01E-05
1.77	2.62E-05
1.78	3.20E-05
1.79	2.71E-05
1.8	1.43E-05
1.81	1.04E-05
1.82	1.00E-05
1.83	1.61E-05
1.84	2.27E-05
1.85	2.68E-05
1.86	1.52E-05
1.87	9.24E-06
1.88	8.32E-06
1.89	8.68E-06
1.9	9.44E-06
1.91	9.99E-06
1.92	1.07E-05
1.93	1.12E-05
1.94	1.20E-05
1.95	1.21E-05
1.96	1.39E-05
1.97	1.64E-05
1.98	1.61E-05
1.99	1.61E-05
2	1.51E-05
2.0097	1.57E-05
2.019	1.45E-05
2.0285	1.15E-05
2.0381	1.12E-05
2.0478	1.05E-05
2.0575	9.68E-06
2.0673	9.17E-06
2.0773	9.03E-06
2.0873	9.30E-06
2.0975	9.90E-06
2.1077	1.07E-05
2.118	1.18E-05
2.1285	1.38E-05
2.139	1.77E-05
2.1496	2.29E-05
2.1568	2.55E-05
2.1676	2.88E-05
2.1785	3.49E-05
2.1896	4.45E-05
2.197	5.19E-05
2.2082	6.31E-05
2.2196	7.20E-05
2.2272	7.53E-05
2.2387	7.82E-05
2.2465	7.93E-05
2.2582	7.99E-05
2.2661	8.14E-05
2.2781	8.29E-05
2.2861	8.26E-05
2.2983	8.40E-05
2.3065	8.53E-05
2.3188	8.53E-05
2.3272	8.49E-05
2.3398	8.49E-05
2.3482	8.55E-05
2.3568	8.59E-05
2.3697	8.65E-05
2.3784	8.78E-05
2.3872	8.87E-05
2.396	8.93E-05
2.4093	9.00E-05
2.4183	8.86E-05
2.4274	8.73E-05
2.4365	8.74E-05
2.4457	8.86E-05
2.4596	9.09E-05
2.469	9.25E-05
2.4784	9.47E-05
2.488	9.63E-05
2.4975	9.60E-05
2.5	9.60E-05
2.5072	9.61E-05
2.5169	9.53E-05
2.5268	9.39E-05
2.5366	9.30E-05
2.5466	9.27E-05
2.5567	9.27E-05
2.5668	9.35E-05
2.577	9.51E-05
2.5873	9.61E-05
2.5976	9.62E-05
2.6081	9.72E-05
2.6186	9.94E-05
2.6293	1.01E-04
2.64	1.00E-04
2.6454	9.99E-05
2.6562	9.95E-05
2.6671	1.00E-04
2.6782	1.02E-04
2.6893	1.04E-04
2.6949	1.04E-04
2.7061	1.05E-04
2.7175	1.06E-04
2.7289	1.06E-04
2.7347	1.06E-04
2.7462	1.06E-04
2.7579	1.06E-04
2.7697	1.06E-04
2.7756	1.07E-04
2.7876	1.10E-04
2.7996	1.11E-04
2.8057	1.11E-04
2.8179	1.12E-04
2.824	1.11E-04
2.8364	1.10E-04
2.8489	1.09E-04
2.8551	1.09E-04
2.8678	1.12E-04
2.8741	1.14E-04
2.8869	1.16E-04
2.8998	1.15E-04
2.9063	1.15E-04
2.9194	1.16E-04
2.926	1.15E-04
2.9393	1.14E-04
2.946	1.14E-04
2.9594	1.15E-04
2.9662	1.15E-04
2.9798	1.18E-04
2.9867	1.19E-04
2.9936	1.19E-04
3.0075	1.17E-04
3.0145	1.17E-04
3.0286	1.18E-04
3.0357	1.18E-04
3.0499	1.20E-04
3.0571	1.21E-04
3.0644	1.22E-04
3.0789	1.24E-04
3.0863	1.24E-04
3.0936	1.24E-04
3.1085	1.27E-04
3.1159	1.28E-04
3.1234	1.28E-04
3.1386	1.27E-04
3.1462	1.28E-04
3.1538	1.30E-04
3.1693	1.33E-04
3.177	1.33E-04
3.1848	1.34E-04
3.1927	1.33E-04
3.2085	1.33E-04
3.2164	1.34E-04
3.2244	1.35E-04
3.2325	1.35E-04
3.2487	1.36E-04
3.2569	1.37E-04
3.2651	1.38E-04
3.2733	1.39E-04
3.2899	1.40E-04
3.2983	1.39E-04
3.3067	1.40E-04
3.3152	1.41E-04
3.3237	1.41E-04
3.3322	0.00244
3.3494	0.00979
3.3581	0.0203
3.3668	0.0337
3.3756	0.04
3.3844	0.033
3.3933	0.02
3.4022	0.0102
3.4111	0.00547
3.4292	0.00501
3.4383	0.00598
3.4474	0.00598
3.4566	0.00479
3.4658	0.00343
3.4751	0.0025
3.4845	1.50E-04
3.4939	1.52E-04
3.5033	1.53E-04
3.5128	1.53E-04
3.5224	1.53E-04
3.532	1.55E-04
3.5416	1.56E-04
3.5513	1.57E-04
3.5611	1.57E-04
3.5709	1.57E-04
3.5807	1.58E-04
3.5907	1.61E-04
3.6006	1.63E-04
3.6107	1.61E-04
3.6207	1.59E-04
3.6309	1.60E-04
3.6411	1.62E-04
3.6513	1.63E-04
3.6617	1.64E-04
3.672	1.66E-04
3.6825	1.67E-04
3.693	1.67E-04
3.7035	1.67E-04
3.7141	1.69E-04
3.7248	1.69E-04
3.7355	1.69E-04
3.7463	1.69E-04
3.7572	1.71E-04
3.7681	1.70E-04
3.7791	1.66E-04
3.7901	1.54E-04
3.8013	1.34E-04
3.8124	1.16E-04
3.8237	1.02E-04
3.835	9.18E-05
3.8464	8.44E-05
3.8578	7.91E-05
3.8693	7.54E-05
3.8809	7.29E-05
3.8926	7.18E-05
3.9043	7.19E-05
3.9161	7.36E-05
3.928	7.70E-05
3.9399	8.25E-05
3.9519	9.13E-05
3.964	1.06E-04
3.9762	1.28E-04
3.9884	1.57E-04
4.0007	1.78E-04
4.0131	1.72E-04
4.0255	1.43E-04
4.0381	1.15E-04
4.0507	9.63E-05
4.0634	8.43E-05
4.0762	7.67E-05
4.089	7.18E-05
4.102	6.88E-05
4.115	6.71E-05
4.1281	6.67E-05
4.1413	6.72E-05
4.1546	6.86E-05
4.1679	7.05E-05
4.1814	7.29E-05
4.1949	7.53E-05
4.2085	7.78E-05
4.2222	8.08E-05
4.236	8.53E-05
4.2499	8.97E-05
4.2639	9.29E-05
4.278	9.74E-05
4.2921	1.04E-04
4.3064	1.12E-04
4.3208	1.21E-04
4.3352	1.31E-04
4.3498	1.42E-04
4.3644	1.56E-04
4.3791	1.71E-04
4.394	1.86E-04
4.4089	1.95E-04
4.424	1.96E-04
4.4391	1.98E-04
4.4544	2.01E-04
4.4697	2.06E-04
4.4852	2.10E-04
4.5008	2.13E-04
4.5165	2.17E-04
4.5323	2.14E-04
4.5482	2.15E-04
4.5642	2.18E-04
4.5803	2.18E-04
4.5965	2.17E-04
4.6129	2.13E-04
4.6294	2.13E-04
4.646	2.18E-04
4.6627	2.22E-04
4.6795	2.21E-04
4.6965	2.21E-04
4.7136	2.17E-04
4.7308	2.21E-04
4.7481	2.26E-04
4.7655	2.26E-04
4.7831	2.27E-04
4.8008	2.31E-04
4.8187	2.31E-04
4.8367	2.32E-04
4.8548	2.36E-04
4.873	2.34E-04
4.8914	2.33E-04
4.91	2.34E-04
4.9286	2.32E-04
4.9474	2.35E-04
4.9664	2.41E-04
4.9855	2.36E-04
5.0047	2.37E-04
5.0241	2.39E-04
5.0437	2.43E-04
5.0634	2.41E-04
5.0832	2.46E-04
5.1033	2.44E-04
5.1234	2.44E-04
5.1438	2.53E-04
5.1643	2.43E-04
5.1849	2.43E-04
5.2057	2.52E-04
5.2267	2.51E-04
5.2479	2.52E-04
5.2692	2.50E-04
5.2907	2.53E-04
5.3124	2.64E-04
5.3343	2.63E-04
5.3563	2.51E-04
5.3785	2.54E-04
5.4009	2.60E-04
5.4235	2.63E-04
5.4463	2.60E-04
5.4693	2.62E-04
5.4925	2.65E-04
5.5159	2.66E-04
5.5394	2.61E-04
5.5632	2.60E-04
5.5872	2.63E-04
5.6114	2.72E-04
5.6358	2.70E-04
5.6604	2.69E-04
5.6852	2.66E-04
5.7103	2.66E-04
5.7355	2.65E-04
5.761	2.63E-04
5.7867	2.56E-04
5.8127	2.59E-04
5.8389	2.62E-04
5.8653	2.69E-04
5.8919	2.61E-04
5.9188	2.57E-04
5.946	2.63E-04
5.9734	2.72E-04
6.0011	2.70E-04
6.029	0.00158
6.0571	0.00169
6.0856	0.00179
6.1143	0.00187
6.1433	0.0023
6.1725	0.00312
6.202	0.00347
6.2319	0.00321
6.262	0.00289
6.2924	0.00309
6.3231	0.0029
6.3541	0.0025
6.3854	0.00236
6.417	0.00202
6.4489	0.00208
6.4811	0.00218
6.5137	0.00236
6.5466	0.00288
6.5798	0.00285
6.6134	0.00226
6.6473	0.00165
6.6816	0.00235
6.7162	0.00278
6.7512	0.0026
6.7865	0.00332
