function result=PDMS_n(x)
x=10^6*x;
data=[0.2 1.4065
    0.3 1.4069
    0.4	1.4076
0.41	1.40643
0.42	1.40555
0.43	1.40426
0.44	1.40348
0.45	1.40293
0.46	1.4018
0.47	1.40135
0.48	1.40034
0.49	1.39995
0.5	1.39951
0.51	1.39897
0.52	1.39836
0.53	1.39765
0.54	1.39743
0.55	1.39693
0.56	1.39652
0.57	1.39621
0.58	1.39557
0.59	1.39459
0.6	1.39456
0.61	1.3944
0.62	1.39391
0.63	1.39349
0.64	1.39322
0.65	1.39292
0.66	1.39285
0.67	1.39274
0.68	1.39222
0.69	1.39238
0.7	1.3919
0.71	1.39145
0.72	1.39122
0.73	1.3909
0.74	1.39056
0.75	1.39047
0.76	1.38977
0.77	1.38945
0.78	1.38958
0.79	1.38919
0.8	1.38891
0.81	1.3883
0.82	1.38942
0.83	1.38978
0.84	1.38879
0.85	1.38959
0.86	1.38962
0.87	1.38936
0.88	1.38917
0.89	1.38917
0.9	1.38903
0.91	1.38899
0.92	1.38875
0.93	1.38874
0.94	1.38851
0.95	1.38838
0.96	1.38847
0.97	1.38834
0.98	1.38813
0.99	1.38806
1	1.38818
1.01	1.38828
1.02	1.38842
1.03	1.38405
1.04	1.38243
1.05	1.3833
1.06	1.38327
1.07	1.38321
1.08	1.38344
1.09	1.38357
1.1	1.38303
1.11	1.38287
1.12	1.38328
1.13	1.3825
1.14	1.38309
1.15	1.38243
1.16	1.38262
1.17	1.38356
1.18	1.38348
1.19	1.3836
1.2	1.38279
1.21	1.3809
1.22	1.38191
1.23	1.38136
1.24	1.38065
1.25	1.38022
1.26	1.38175
1.27	1.38198
1.28	1.38168
1.29	1.38112
1.3	1.38046
1.31	1.37947
1.32	1.38006
1.33	1.37988
1.34	1.37995
1.35	1.38098
1.36	1.38006
1.37	1.38259
1.38	1.38103
1.39	1.38089
1.4	1.38092
1.41	1.38087
1.42	1.3815
1.43	1.38072
1.44	1.38061
1.45	1.37978
1.46	1.38052
1.47	1.38143
1.48	1.38144
1.49	1.38031
1.5	1.37974
1.51	1.38032
1.52	1.38047
1.53	1.37942
1.54	1.38024
1.55	1.38037
1.56	1.38051
1.57	1.37914
1.58	1.37967
1.59	1.3792
1.6	1.37903
1.61	1.37923
1.62	1.37907
1.63	1.37933
1.64	1.37971
1.65	1.37998
1.66	1.37959
1.67	1.37883
1.68	1.38042
1.69	1.37921
1.7	1.37947
1.71	1.37954
1.72	1.37981
1.73	1.38008
1.74	1.38004
1.75	1.3798
1.76	1.37978
1.77	1.37939
1.78	1.37876
1.79	1.37859
1.8	1.37938
1.81	1.37841
1.82	1.37905
1.83	1.37917
1.84	1.3796
1.85	1.37912
1.86	1.37855
1.87	1.37873
1.88	1.37947
1.89	1.37897
1.9	1.37871
1.91	1.3786
1.92	1.37931
1.93	1.37847
1.94	1.37899
1.95	1.37924
1.96	1.37856
1.97	1.37929
1.98	1.37914
1.99	1.37891
2	1.37879
2.0097	1.40195
2.019	1.40394
2.0285	1.40421
2.0381	1.40311
2.0478	1.4018
2.0575	1.40082
2.0673	1.40119
2.0773	1.40138
2.0873	1.40056
2.0975	1.40002
2.1077	1.40079
2.118	1.40135
2.1285	1.40118
2.139	1.40209
2.1496	1.40307
2.1568	1.40351
2.1676	1.40332
2.1785	1.40173
2.1896	1.40174
2.197	1.40266
2.2082	1.40317
2.2196	1.40311
2.2272	1.40324
2.2387	1.40243
2.2465	1.40197
2.2582	1.40164
2.2661	1.40165
2.2781	1.40161
2.2861	1.40195
2.2983	1.40198
2.3065	1.40152
2.3188	1.40171
2.3272	1.40238
2.3398	1.40289
2.3482	1.40253
2.3568	1.40153
2.3697	1.40059
2.3784	1.40085
2.3872	1.4013
2.396	1.40123
2.4093	1.40025
2.4183	1.39999
2.4274	1.40019
2.4365	1.40023
2.4457	1.39996
2.4596	1.40067
2.469	1.40079
2.4784	1.40062
2.488	1.4006
2.4975	1.40048
2.5	1.40048
2.5072	1.40016
2.5169	1.40019
2.5268	1.4006
2.5366	1.40054
2.5466	1.39985
2.5567	1.40021
2.5668	1.40173
2.577	1.40186
2.5873	1.40104
2.5976	1.40061
2.6081	1.40038
2.6186	1.39965
2.6293	1.39922
2.64	1.39972
2.6454	1.39994
2.6562	1.39959
2.6671	1.3992
2.6782	1.39926
2.6893	1.39937
2.6949	1.39959
2.7061	1.40033
2.7175	1.40007
2.7289	1.39944
2.7347	1.39938
2.7462	1.39941
2.7579	1.3993
2.7697	1.39852
2.7756	1.3983
2.7876	1.39872
2.7996	1.39916
2.8057	1.39889
2.8179	1.39864
2.824	1.3986
2.8364	1.39851
2.8489	1.39865
2.8551	1.39858
2.8678	1.39841
2.8741	1.39869
2.8869	1.39932
2.8998	1.39932
2.9063	1.39864
2.9194	1.39762
2.926	1.39788
2.9393	1.39835
2.946	1.39806
2.9594	1.39734
2.9662	1.39752
2.9798	1.39767
2.9867	1.39743
2.9936	1.39728
3.0075	1.39762
3.0145	1.39721
3.0286	1.39615
3.0357	1.39605
3.0499	1.39619
3.0571	1.39626
3.0644	1.39639
3.0789	1.39636
3.0863	1.39625
3.0936	1.3963
3.1085	1.39657
3.1159	1.39644
3.1234	1.39616
3.1386	1.39527
3.1462	1.3951
3.1538	1.39509
3.1693	1.3945
3.177	1.39405
3.1848	1.39347
3.1927	1.39302
3.2085	1.39298
3.2164	1.39262
3.2244	1.39218
3.2325	1.39191
3.2487	1.39158
3.2569	1.39172
3.2651	1.39194
3.2733	1.39179
3.2899	1.39027
3.2983	1.38924
3.3067	1.38815
3.3152	1.38676
3.3237	1.38491
3.3322	1.38222
3.3494	1.37405
3.3581	1.37256
3.3668	1.37977
3.3756	1.39637
3.3844	1.4121
3.3933	1.41761
3.4022	1.41487
3.4111	1.41002
3.4292	1.40419
3.4383	1.40432
3.4474	1.40513
3.4566	1.40522
3.4658	1.40439
3.4751	1.40322
3.4845	1.40227
3.4939	1.40173
3.5033	1.4014
3.5128	1.40095
3.5224	1.40081
3.532	1.40085
3.5416	1.4006
3.5513	1.40003
3.5611	1.39949
3.5709	1.39932
3.5807	1.3991
3.5907	1.39877
3.6006	1.3986
3.6107	1.39834
3.6207	1.39781
3.6309	1.39729
3.6411	1.39711
3.6513	1.39717
3.6617	1.39707
3.672	1.39666
3.6825	1.39611
3.693	1.39591
3.7035	1.39598
3.7141	1.39592
3.7248	1.39573
3.7355	1.39559
3.7463	1.3954
3.7572	1.39498
3.7681	1.39472
3.7791	1.39478
3.7901	1.39487
3.8013	1.39474
3.8124	1.39447
3.8237	1.39429
3.835	1.3943
3.8464	1.39436
3.8578	1.39434
3.8693	1.39395
3.8809	1.39343
3.8926	1.39316
3.9043	1.39272
3.9161	1.3922
3.928	1.39225
3.9399	1.3926
3.9519	1.39268
3.964	1.39231
3.9762	1.39199
3.9884	1.39178
4.0007	1.39163
4.0131	1.39142
4.0255	1.39094
4.0381	1.39063
4.0507	1.3908
4.0634	1.3908
4.0762	1.39045
4.089	1.39006
4.102	1.39001
4.115	1.39041
4.1281	1.39062
4.1413	1.39029
4.1546	1.38969
4.1679	1.38913
4.1814	1.38894
4.1949	1.38898
4.2085	1.38892
4.2222	1.38772
4.236	1.38683
4.2499	1.38882
4.2639	1.38889
4.278	1.3878
4.2921	1.38618
4.3064	1.38601
4.3208	1.38674
4.3352	1.38705
4.3498	1.38691
4.3644	1.38687
4.3791	1.38692
4.394	1.38663
4.4089	1.38597
4.424	1.38574
4.4391	1.38604
4.4544	1.38614
4.4697	1.38572
4.4852	1.38522
4.5008	1.38514
4.5165	1.38485
4.5323	1.38397
4.5482	1.38331
4.5642	1.3831
4.5803	1.38277
4.5965	1.38221
4.6129	1.38172
4.6294	1.38192
4.646	1.38234
4.6627	1.38249
4.6795	1.3824
4.6965	1.382
4.7136	1.38146
4.7308	1.38122
4.7481	1.38103
4.7655	1.38073
4.7831	1.38048
4.8008	1.3802
4.8187	1.38
4.8367	1.37982
4.8548	1.37949
4.873	1.3788
4.8914	1.37836
4.91	1.37817
4.9286	1.37779
4.9474	1.37712
4.9664	1.37668
4.9855	1.3764
5.0047	1.37615
5.0241	1.37591
5.0437	1.37523
5.0634	1.37453
5.0832	1.37417
5.1033	1.37386
5.1234	1.37394
5.1438	1.37437
5.1643	1.37422
5.1849	1.37383
5.2057	1.37368
5.2267	1.37342
5.2479	1.37266
5.2692	1.37223
5.2907	1.37217
5.3124	1.37162
5.3343	1.37059
5.3563	1.3697
5.3785	1.3692
5.4009	1.36897
5.4235	1.36837
5.4463	1.36791
5.4693	1.36745
5.4925	1.36676
5.5159	1.36639
5.5394	1.36587
5.5632	1.36515
5.5872	1.36467
5.6114	1.36445
5.6358	1.36389
5.6604	1.36318
5.6852	1.36305
5.7103	1.36292
5.7355	1.36216
5.761	1.36095
5.7867	1.36027
5.8127	1.35951
5.8389	1.35865
5.8653	1.35813
5.8919	1.35738
5.9188	1.3567
5.946	1.35615
5.9734	1.35498
6.0011	1.35362
6.029	1.35318
6.0571	1.35253
6.0856	1.35095
6.1143	1.34979
6.1433	1.3489
6.1725	1.34857
6.202	1.34858
6.2319	1.34772
6.262	1.34635
6.2924	1.34543
6.3231	1.34451
6.3541	1.34354
6.3854	1.34205
6.417	1.3401
6.4489	1.3389
6.4811	1.33829
6.5137	1.33678
6.5466	1.33475
6.5798	1.33311
6.6134	1.33194
6.6473	1.32993
6.6816	1.32716
6.7162	1.32486
6.7512	1.32311
6.7865	1.32022
6.8223	1.31722
6.8583	1.31494
6.8948	1.31286
6.9317	1.31177
6.969	1.30936
7.0066	1.30483
7.0447	1.30248
7.0832	1.30565
7.1221	1.31037
7.1615	1.3115
7.2013	1.30828
7.2415	1.30267
7.2822	1.29677
7.3233	1.29139
7.3649	1.28553
7.407	1.27952
7.4496	1.2731
7.4926	1.26549
7.5362	1.25689
7.5803	1.24795
7.6249	1.23745
7.67	1.22494
7.7156	1.2069
7.7618	1.18413
7.8086	1.13808
7.8559	1.06748
7.9038	1.12948
7.9523	1.31678
8	1.42908
8.0014	1.42908
8.0511	1.37975
